{"floors":[{"completedEdges":[],"parentIdentifier":null,"polygonCorners":[[5.8612013,-3.7603917,0],[1.3333428,-3.7603912,0],[-6.898694,-3.7603898,0],[-6.898695,-0.54122496,0],[-2.8987317,-0.54122543,0],[-2.8987308,3.8421896,0],[-1.046329,3.842189,0],[-1.046329,1.2972553,0],[1.3642023,1.2972543,0],[1.3642023,3.2948139,0],[6.336945,3.2948139,0],[6.914212,0.32924533,0],[5.8612013,0.32924533,0]],"story":0,"transform":[0.48639378,0,0.8737397,0,0.87373966,0,-0.48639372,0,0,0.9999999,0,0,0.15075451,-0.950441,-5.462906,0.99999994],"confidence":{"high":{}},"category":{"floor":{}},"identifier":"234B039C-75BD-4C9F-AB9E-CD332FF5E5BA","dimensions":[13.828423,7.6843767,0],"curve":null}],"referenceOriginTransform":[0.1968025,0,0.9804431,0,0,0.99999994,0,0,-0.9804431,0,0.19680248,0,-0.041166864,-0.17698868,-0.11040367,0.99999994],"openings":[],"walls":[{"completedEdges":[],"parentIdentifier":null,"polygonCorners":[],"story":0,"transform":[0.48639378,0,0.8737397,0,0,0.99999994,0,0,-0.8737397,0,0.48639375,0,4.9024587,0.37705898,-3.7010846,0.99999994],"confidence":{"high":{}},"category":{"wall":{}},"identifier":"F21959AB-6E67-4601-B2B4-4E4C3BB45106","dimensions":[4.9727426,2.6550002,0],"curve":null},{"completedEdges":[],"parentIdentifier":null,"polygonCorners":[],"story":0,"transform":[-0.8737398,0,0.4863938,0,0,0.9999999,0,0,-0.48639378,0,-0.8737397,0,1.5026418,0.19955884,0.49270153,0.99999994],"confidence":{"high":{}},"category":{"wall":{}},"identifier":"A8F5AE64-E2AB-4B7F-8C9D-044C5FF0B709","dimensions":[4.089637,2.3,0],"curve":null},{"completedEdges":[],"parentIdentifier":null,"polygonCorners":[],"story":0,"transform":[0.48639372,0,0.8737398,0,0,0.99999994,0,0,-0.8737398,0,0.48639372,0,-2.7048392,0.2695588,-9.479858,0.99999994],"confidence":{"high":{}},"category":{"wall":{}},"identifier":"DEEE0CC3-F867-4D46-9FB7-045A040CBAEB","dimensions":[3.9999628,2.4399998,0],"curve":null},{"completedEdges":[],"parentIdentifier":null,"polygonCorners":[],"story":0,"transform":[0.8737396,0,-0.4863938,0,0,0.99999994,0,0,0.48639384,0,0.87373966,0,-5.0839734,0.2695588,-10.44443,0.99999994],"confidence":{"high":{}},"category":{"wall":{}},"identifier":"65954427-A91F-4A51-8F57-0C1B13FB585B","dimensions":[3.2191644,2.4399998,0],"curve":null},{"completedEdges":[],"parentIdentifier":null,"polygonCorners":[],"story":0,"transform":[-0.76470685,0,0.64437824,0,0,0.99999994,0,0,-0.64437824,0,-0.76470685,0,4.9566364,0.37705898,-0.55523574,0.99999994],"confidence":{"high":{}},"category":{"wall":{}},"identifier":"1EA1427B-2B20-4050-8BB8-066CB3E94F72","dimensions":[3.0212302,2.6550002,0],"curve":null},{"completedEdges":[],"parentIdentifier":null,"polygonCorners":[],"story":0,"transform":[-0.8737398,0,0.48639372,0,0,0.99999994,0,0,-0.48639372,0,-0.8737398,0,1.8870943,0.42955887,-7.6270227,0.99999994],"confidence":{"high":{}},"category":{"wall":{}},"identifier":"A8E4FDAD-867D-405C-B782-332FD4411C1D","dimensions":[2.5449338,2.76,0],"curve":null},{"completedEdges":[],"parentIdentifier":null,"polygonCorners":[],"story":0,"transform":[0.4863935,0,0.87373984,0,0,0.99999994,0,0,-0.87373984,0,0.4863935,0,1.3615229,0.37705898,-5.9550138,0.99999994],"confidence":{"high":{}},"category":{"wall":{}},"identifier":"967FF487-F320-4BA0-8982-10A731AA8863","dimensions":[2.4105313,2.6550002,0],"curve":null},{"completedEdges":[],"parentIdentifier":null,"polygonCorners":[],"story":0,"transform":[0.8737397,0,-0.48639378,0,0,0.99999994,0,0,0.4863938,0,0.8737397,0,2.8204298,0.37705898,-5.3877254,0.99999994],"confidence":{"high":{}},"category":{"wall":{}},"identifier":"A91D8269-16F7-4540-B88A-9F6DFC14AD85","dimensions":[1.9975593,2.6550002,0],"curve":null},{"completedEdges":[],"parentIdentifier":null,"polygonCorners":[],"story":0,"transform":[0.48639354,0,0.8737398,0,0,0.99999994,0,0,-0.8737397,0,0.4863935,0,2.5484014,0.42955887,-9.055202,0.99999994],"confidence":{"high":{}},"category":{"wall":{}},"identifier":"7D359558-5539-4BDC-A706-09A1C1F089CA","dimensions":[1.852402,2.76,0],"curve":null},{"completedEdges":[],"parentIdentifier":null,"polygonCorners":[],"story":0,"transform":[-0.48639378,0,-0.8737397,0,0,0.99999994,0,0,0.8737397,0,-0.48639375,0,3.5453696,0.37705898,-0.04185684,0.99999994],"confidence":{"high":{}},"category":{"wall":{}},"identifier":"911FB39F-03E3-4935-9B4F-2832CCC99297","dimensions":[1.0530106,2.6550002,0],"curve":null},{"completedEdges":[],"parentIdentifier":null,"polygonCorners":[],"story":0,"transform":[0.8737399,0,-0.48639345,0,0,0.99999994,0,0,0.48639348,0,0.8737399,0,0.63723254,0.2695588,-4.1897225,0.99999994],"confidence":{"high":{}},"category":{"wall":{}},"identifier":"BC5236CB-B330-4A0A-B958-ED9591528392","dimensions":[0.847233,2.4399998,0],"curve":null},{"completedEdges":[],"parentIdentifier":null,"polygonCorners":[],"story":0,"transform":[0.8737397,0,-0.48639363,0,0,1,0,0,0.48639366,0,0.8737397,0,-0.42255712,0.099558845,-5.779614,0.99999994],"confidence":{"high":{}},"category":{"wall":{}},"identifier":"7C23245E-BF8B-4AA3-ABDA-A01D34497A47","dimensions":[0.54189926,2.1,0],"curve":null},{"completedEdges":[],"parentIdentifier":null,"polygonCorners":[],"story":0,"transform":[0.4863938,0,0.8737397,0,0,0.99999994,0,0,-0.8737397,0,0.48639378,0,-0.19609728,0.2695588,-4.815752,0.99999994],"confidence":{"high":{}},"category":{"wall":{}},"identifier":"E0D27AAF-B48B-4992-9990-99DBF145A436","dimensions":[1.9046264,2.4399998,0],"curve":null},{"completedEdges":[],"parentIdentifier":null,"polygonCorners":[],"story":0,"transform":[0.4863936,0,0.8737397,0,0,1,0,0,-0.8737397,0,0.48639357,0,-0.955542,0.099558845,-6.1799903,0.99999994],"confidence":{"high":{}},"category":{"wall":{}},"identifier":"7BC82742-8816-43E3-9460-6E8FE4A7BEDD","dimensions":[1.2181308,2.1,0],"curve":null},{"completedEdges":[],"parentIdentifier":null,"polygonCorners":[],"story":0,"transform":[-0.87373966,0,0.4863938,0,0,0.99999994,0,0,-0.48639384,0,-0.8737397,0,-1.0150483,0.42955887,-6.843943,0.99999994],"confidence":{"high":{}},"category":{"wall":{}},"identifier":"1910AA69-A783-46A2-9C98-6F8B86B8AE11","dimensions":[0.54189897,2.76,0],"curve":null},{"completedEdges":[],"parentIdentifier":null,"polygonCorners":[],"story":0,"transform":[0.4863938,0,0.8737396,0,0,0.99999994,0,0,-0.87373966,0,0.48639384,0,-0.48206332,0.42955887,-6.443567,0.99999994],"confidence":{"high":{}},"category":{"wall":{}},"identifier":"05346274-5F24-4088-A52D-9D4E5DDED78A","dimensions":[1.2181308,2.76,0],"curve":null},{"completedEdges":[],"parentIdentifier":null,"polygonCorners":[],"story":0,"transform":[0.8737396,0,-0.4863938,0,0,0.9999999,0,0,0.48639384,0,0.8737397,0,-1.4744682,0.19955884,-3.032159,0.99999994],"confidence":{"high":{}},"category":{"wall":{}},"identifier":"583DF745-E54C-4033-B183-804726D18DD7","dimensions":[2.3161378,2.3,0],"curve":null},{"completedEdges":[],"parentIdentifier":null,"polygonCorners":[],"story":0,"transform":[-0.4863936,0,-0.87373966,0,0,0.9999999,0,0,0.8737397,0,-0.48639357,0,-4.488324,0.19955884,-6.0652103,0.99999994],"confidence":{"high":{}},"category":{"wall":{}},"identifier":"9FA0A1DD-BC19-43F0-B941-6BCE37C7C0FC","dimensions":[8.232037,2.3,0],"curve":null},{"completedEdges":[],"parentIdentifier":null,"polygonCorners":[],"story":0,"transform":[0.87373984,0,-0.48639366,0,0,0.99999994,0,0,0.48639363,0,0.8737397,0,0.1829209,0.42955887,-8.798428,0.99999994],"confidence":{"high":{}},"category":{"wall":{}},"identifier":"3F231358-FABB-45A5-A412-3C07EC6F8864","dimensions":[4.3834147,2.76,0],"curve":null},{"completedEdges":[],"parentIdentifier":null,"polygonCorners":[],"story":0,"transform":[-0.48639372,0,-0.87373984,0,0,0.9999999,0,0,0.8737398,0,-0.48639366,0,-1.3851581,0.19955884,-0.4907965,0.99999994],"confidence":{"high":{}},"category":{"wall":{}},"identifier":"4C627104-F016-4BE3-B26A-0B18E6C2BCA3","dimensions":[4.5278587,2.3,0],"curve":null}],"objects":[{"story":0,"transform":[-0.8737396,0,0.48639402,0,0,0.9999999,0,0,-0.486394,0,-0.87373954,0,0.6510337,-0.6721231,-0.9096298,0.99999994],"confidence":{"high":{}},"category":{"table":{}},"identifier":"CC9DE2B1-CB0B-4AE7-B748-DD46C31F0DD6","attributes":{"TableShapeType":"rectangular","TableType":"coffee"},"dimensions":[1.3919759,0.556636,0.89534694],"parentIdentifier":null},{"story":0,"transform":[0.8737397,0,-0.48639363,0,0,0.99999994,0,0,0.48639366,0,0.8737397,0,-5.405604,0.3762172,-9.921306,0.99999994],"confidence":{"low":{}},"category":{"oven":{}},"identifier":"7C30D1B0-EDE6-4FD2-9911-00F01C5ABBFA","attributes":{},"dimensions":[0.57299805,0.9155272,0.6012743],"parentIdentifier":null},{"story":0,"transform":[0.48639357,0,0.8737397,0,0,0.9999999,0,0,-0.87373966,0,0.4863935,0,-4.2665615,-0.4640212,-7.9488893,0.99999994],"confidence":{"low":{}},"category":{"storage":{}},"identifier":"CB9F8F58-3D75-4085-85AE-CB54F16825FA","attributes":{"StorageType":"cabinet"},"dimensions":[1.9990237,0.97283965,0.73730475],"parentIdentifier":null},{"story":0,"transform":[-0.87373966,0,0.4863937,0,0,0.99999994,0,0,-0.48639372,0,-0.87373966,0,0.8468274,-0.5457021,0.23660924,0.99999994],"confidence":{"high":{}},"category":{"sofa":{}},"identifier":"4806E669-C9EE-408B-A992-6588E6F4CC25","attributes":{"SofaType":"lShaped"},"dimensions":[3.192738,0.8094778,1.0854841],"parentIdentifier":null},{"story":0,"transform":[0.48639366,0,0.8737397,0,0,0.99999994,0,0,-0.8737397,0,0.48639363,0,-1.0111485,-0.58000076,-6.221712,0.99999994],"confidence":{"low":{}},"category":{"storage":{}},"identifier":"989BFC5B-252C-483D-94A4-339EBC26E3C9","attributes":{"StorageType":"cabinet"},"dimensions":[1.112548,0.7408805,0.056580655],"parentIdentifier":null},{"story":0,"transform":[0.87373966,0,-0.4863938,0,0,0.99999994,0,0,0.48639384,0,0.8737397,0,-4.5991616,0.16244204,-10.372239,0.99999994],"confidence":{"low":{}},"category":{"storage":{}},"identifier":"657A9C49-CDFA-47E5-BE0B-EBE073A9FCAE","attributes":{"StorageType":"cabinet"},"dimensions":[1.1176755,2.2257662,0.5977743],"parentIdentifier":null},{"story":0,"transform":[0.87373924,0,-0.48639452,0,0,0.99999994,0,0,0.48639452,0,0.87373924,0,-5.419316,-0.55993044,-9.908061,0.99999994],"confidence":{"low":{}},"category":{"storage":{}},"identifier":"4F89E529-CEBE-4338-9BF8-D1615928271E","attributes":{"StorageType":"cabinet"},"dimensions":[0.59399456,0.78102136,0.61107886],"parentIdentifier":null},{"story":0,"transform":[0.87373966,0,-0.48639387,0,0,0.99999994,0,0,0.4863939,0,0.87373966,0,-1.5024858,-0.3789793,-2.6084545,0.99999994],"confidence":{"low":{}},"category":{"storage":{}},"identifier":"0E32B7FE-4204-45DC-AEFB-587B12705576","attributes":{"StorageType":"cabinet"},"dimensions":[1.4521483,1.1429236,0.4660644],"parentIdentifier":null},{"story":0,"transform":[0.87373954,0,-0.48639405,0,0,1,0,0,0.4863941,0,0.87373966,0,-5.924594,0.1269116,-9.629712,0.99999994],"confidence":{"low":{}},"category":{"storage":{}},"identifier":"A4C63CD8-4B15-4749-A061-924575BA3E76","attributes":{"StorageType":"cabinet"},"dimensions":[0.62304723,2.1547055,0.6059616],"parentIdentifier":null},{"story":0,"transform":[0.8737399,0,-0.48639333,0,0,1,0,0,0.48639342,0,0.87374,0,0.7894302,-0.605077,-3.8842733,0.99999994],"confidence":{"high":{}},"category":{"table":{}},"identifier":"67E03831-8DA7-4EFF-8AA8-1ED0D9D4EA7C","attributes":{"TableShapeType":"circularElliptic","TableType":"unidentified"},"dimensions":[0.57415426,0.6907281,0.53363514],"parentIdentifier":null},{"story":0,"transform":[0.48807174,0,0.8728034,0,0,0.9999999,0,0,-0.87280333,0,0.48807168,0,4.5463495,-0.69892067,-4.0950885,0.99999994],"confidence":{"low":{}},"category":{"chair":{}},"identifier":"E5F1F884-1522-48EF-B0BF-F6D1686F88DF","attributes":{},"dimensions":[0.27690923,0.5030407,0.23847826],"parentIdentifier":null},{"story":0,"transform":[-0.48639318,0,-0.87374,0,0,0.99999994,0,0,0.87374,0,-0.48639318,0,-2.959135,-0.53116906,-4.9857116,0.99999994],"confidence":{"low":{}},"category":{"chair":{}},"identifier":"C44945F2-9FC5-4499-837A-3198C87F2659","attributes":{"ChairLegType":"four","ChairType":"dining","ChairArmType":"missing","ChairBackType":"existing"},"dimensions":[0.5258785,0.838544,0.62286377],"parentIdentifier":"0FDE7C30-7180-499A-BCCA-55CBC649162F"},{"story":0,"transform":[0.8737397,0,-0.48639378,0,0,0.99999994,0,0,0.4863938,0,0.8737397,0,2.987496,0.015541047,-5.275284,0.99999994],"confidence":{"high":{}},"category":{"storage":{}},"identifier":"572CF0D9-F821-4D0E-9A12-BBAE91307A0E","attributes":{"StorageType":"shelf"},"dimensions":[1.5985045,1.9319643,0.35901317],"parentIdentifier":null},{"story":0,"transform":[-0.8503849,0,0.5261609,0,0,0.99999994,0,0,-0.52616096,0,-0.85038495,0,3.9369118,-0.47043765,-0.32076383,0.99999994],"confidence":{"low":{}},"category":{"chair":{}},"identifier":"2F3EE7B5-05BE-4206-8D56-ED53A78895C1","attributes":{"ChairLegType":"four","ChairType":"unidentified","ChairArmType":"missing","ChairBackType":"existing"},"dimensions":[0.73876965,0.9600068,0.8483889],"parentIdentifier":null},{"story":0,"transform":[0.8737392,0,-0.48639458,0,0,0.99999994,0,0,0.4863946,0,0.8737392,0,-3.844627,1.1589512,-10.784172,0.99999994],"confidence":{"low":{}},"category":{"storage":{}},"identifier":"A9AC3941-E5AC-413C-A633-E472292AD747","attributes":{"StorageType":"cabinet"},"dimensions":[0.72293645,0.38452148,0.5273433],"parentIdentifier":null},{"story":0,"transform":[-0.48639336,0,-0.87373984,0,0,1,0,0,0.87373996,0,-0.4863934,0,-2.5917466,-0.5585189,-5.1902294,0.99999994],"confidence":{"high":{}},"category":{"table":{}},"identifier":"0FDE7C30-7180-499A-BCCA-55CBC649162F","attributes":{"TableShapeType":"rectangular","TableType":"dining"},"dimensions":[2.4290223,0.7838444,1.0278152],"parentIdentifier":null},{"story":0,"transform":[0.535885,0,0.8442909,0,0,0.9999999,0,0,-0.8442909,0,0.5358849,0,3.4730628,-0.70777446,-1.0758793,0.99999994],"confidence":{"low":{}},"category":{"chair":{}},"identifier":"CB838CD8-2427-4F12-A557-5B22304FF732","attributes":{"ChairLegType":"four","ChairType":"stool","ChairArmType":"missing","ChairBackType":"missing"},"dimensions":[0.69433594,0.48533303,0.65625006],"parentIdentifier":null},{"story":0,"transform":[0.8737397,0,-0.48639372,0,0,0.9999999,0,0,0.48639372,0,0.87373966,0,-5.4288583,1.0777953,-9.902362,0.99999994],"confidence":{"low":{}},"category":{"storage":{}},"identifier":"7DF2A3C2-53FC-4259-94DB-9C89D655F0E7","attributes":{"StorageType":"cabinet"},"dimensions":[0.7597656,0.40393066,0.6117552],"parentIdentifier":null},{"story":0,"transform":[-0.79473466,0,0.60695684,0,0,0.9999999,0,0,-0.60695684,0,-0.79473466,0,5.004091,-0.46005726,-1.1203467,0.99999994],"confidence":{"low":{}},"category":{"chair":{}},"identifier":"7350BD1F-5774-4FAA-B4A4-76FC6DE2052C","attributes":{"ChairLegType":"unidentified","ChairType":"unidentified","ChairArmType":"existing","ChairBackType":"existing"},"dimensions":[0.62109345,0.9807676,0.6850584],"parentIdentifier":null},{"story":0,"transform":[0.48639363,0,0.87373984,0,0,0.99999994,0,0,-0.87373984,0,0.4863936,0,-2.7470934,-0.4834715,-8.857714,0.99999994],"confidence":{"low":{}},"category":{"storage":{}},"identifier":"288DC5FE-BC13-4E9C-9819-D1851054633D","attributes":{"StorageType":"cabinet"},"dimensions":[3.0157802,0.93393916,0.67905706],"parentIdentifier":null},{"story":0,"transform":[-0.8735721,0,0.48669463,0,0,0.99999994,0,0,-0.48669466,0,-0.87357205,0,-2.04646,-0.53116906,-4.2106957,0.99999994],"confidence":{"low":{}},"category":{"chair":{}},"identifier":"F98313F3-69ED-417E-BD82-853044D8081E","attributes":{"ChairLegType":"four","ChairType":"dining","ChairArmType":"missing","ChairBackType":"existing"},"dimensions":[0.52587855,0.838544,0.62286395],"parentIdentifier":"0FDE7C30-7180-499A-BCCA-55CBC649162F"}],"doors":[{"completedEdges":[],"parentIdentifier":"967FF487-F320-4BA0-8982-10A731AA8863","polygonCorners":[],"story":0,"transform":[0.4863936,0,0.8737398,0,0,1,0,0,-0.8737398,0,0.4863936,0,1.1022264,0.07418074,-6.420805,0.99999994],"confidence":{"high":{}},"category":{"door":{"isOpen":false}},"identifier":"865A80BB-D674-45CC-B4EF-1177E65201F5","dimensions":[0.91304475,2.0492437,0],"curve":null},{"completedEdges":[],"parentIdentifier":"F21959AB-6E67-4601-B2B4-4E4C3BB45106","polygonCorners":[],"story":0,"transform":[0.48639378,0,0.8737397,0,0,0.99999994,0,0,-0.8737397,0,0.48639375,0,4.556928,0.25424528,-4.321782,0.99999994],"confidence":{"high":{}},"category":{"door":{"isOpen":false}},"identifier":"1FB24B81-18CF-461B-A73F-5C7D8F75B28B","dimensions":[3.2411628,2.4093728,0],"curve":null},{"completedEdges":[],"parentIdentifier":"4C627104-F016-4BE3-B26A-0B18E6C2BCA3","polygonCorners":[],"story":0,"transform":[-0.48639363,0,-0.8737398,0,0,0.99999994,0,0,0.8737398,0,-0.48639363,0,-1.3264822,0.089230314,-0.38539314,0.99999994],"confidence":{"medium":{}},"category":{"door":{"isOpen":false}},"identifier":"8B09AC36-FB20-4492-91C7-6A409C03B7D7","dimensions":[0.8285345,2.0793428,0],"curve":null},{"completedEdges":[],"parentIdentifier":"9FA0A1DD-BC19-43F0-B941-6BCE37C7C0FC","polygonCorners":[],"story":0,"transform":[-0.4863939,0,-0.87373966,0,0,0.99999994,0,0,0.87373966,0,-0.48639387,0,-5.9808908,0.062327534,-8.746403,0.99999994],"confidence":{"high":{}},"category":{"door":{"isOpen":false}},"identifier":"43B36130-D900-4CB3-9DDF-672B6B068207","dimensions":[0.73500293,2.0255373,0],"curve":null},{"completedEdges":[],"parentIdentifier":"3F231358-FABB-45A5-A412-3C07EC6F8864","polygonCorners":[],"story":0,"transform":[0.8737401,0,-0.48639303,0,0,0.99999994,0,0,0.48639306,0,0.8737401,0,-0.5374199,0.09791203,-8.397428,0.99999994],"confidence":{"medium":{}},"category":{"door":{"isOpen":true}},"identifier":"81785C01-948B-4759-8EE4-19524325EADD","dimensions":[0.7491494,2.0967064,0],"curve":null}],"windows":[{"completedEdges":[],"parentIdentifier":"911FB39F-03E3-4935-9B4F-2832CCC99297","polygonCorners":[],"story":0,"transform":[-0.4863937,0,-0.8737398,0,0,0.99999994,0,0,0.8737398,0,-0.4863937,0,3.5978613,0.36016262,0.05243756,0.99999994],"confidence":{"medium":{}},"category":{"window":{}},"identifier":"D56F4D3A-EA9F-4960-B07A-337D4449B763","dimensions":[0.7611223,1.5366077,0],"curve":null},{"completedEdges":[],"parentIdentifier":"9FA0A1DD-BC19-43F0-B941-6BCE37C7C0FC","polygonCorners":[],"story":0,"transform":[-0.48639357,0,-0.8737399,0,0,0.99999994,0,0,0.87373984,0,-0.48639354,0,-5.248014,0.36578298,-7.429889,0.99999994],"confidence":{"high":{}},"category":{"window":{}},"identifier":"13BFF7FD-BED0-4C15-B3D9-6DB2C2C8251C","dimensions":[1.8007575,1.3817792,0],"curve":null},{"completedEdges":[],"parentIdentifier":"9FA0A1DD-BC19-43F0-B941-6BCE37C7C0FC","polygonCorners":[],"story":0,"transform":[-0.48639366,0,-0.8737398,0,0,0.99999994,0,0,0.8737398,0,-0.48639366,0,-4.0906043,0.32893538,-5.3507614,0.99999994],"confidence":{"medium":{}},"category":{"window":{}},"identifier":"9DB332CB-2413-4733-8599-F0BC26B053C7","dimensions":[1.5618819,1.308084,0],"curve":null},{"completedEdges":[],"parentIdentifier":"9FA0A1DD-BC19-43F0-B941-6BCE37C7C0FC","polygonCorners":[],"story":0,"transform":[-0.48639363,0,-0.8737398,0,0,0.99999994,0,0,0.8737398,0,-0.48639363,0,-3.2102582,0.35657108,-3.76934,0.99999994],"confidence":{"medium":{}},"category":{"window":{}},"identifier":"CF91600C-44BB-4CCF-BCB3-BA6CFB8D2998","dimensions":[2.0580096,1.3265078,0],"curve":null},{"completedEdges":[],"parentIdentifier":"4C627104-F016-4BE3-B26A-0B18E6C2BCA3","polygonCorners":[],"story":0,"transform":[-0.48639366,0,-0.87373966,0,0,1,0,0,0.8737398,0,-0.4863937,0,-1.9776617,0.37499475,-1.5551484,0.99999994],"confidence":{"medium":{}},"category":{"window":{}},"identifier":"43DABFC2-D618-452E-8B9D-DAC6032B0E24","dimensions":[1.6469654,1.4874382,0],"curve":null},{"completedEdges":[],"parentIdentifier":"4C627104-F016-4BE3-B26A-0B18E6C2BCA3","polygonCorners":[],"story":0,"transform":[-0.48639363,0,-0.8737397,0,0,0.99999994,0,0,0.8737397,0,-0.4863936,0,-0.70970446,0.32914907,0.72256356,0.99999994],"confidence":{"medium":{}},"category":{"window":{}},"identifier":"4AD404B9-7768-4835-B142-4D5BEFF2C6B7","dimensions":[1.586341,1.5791296,0],"curve":null}],"version":2,"sections":[{"center":[1.9306159,0.37499475,-2.1054454],"label":"livingRoom","story":0},{"center":[-2.1115105,0.37499475,-5.3256955],"label":"diningRoom","story":0},{"center":[-4.135314,0.37499475,-8.735839],"label":"kitchen","story":0},{"center":[0.81579155,0.37499475,-8.170668],"label":"unidentified","story":0}],"story":0,"coreModel":"SxzFF4JBlY1HqJCad63RFaHpytTuZR8fb2BlywXbJiEXBlZPN0dlbSvoFlIZeE3W4A+rBuLD4fLYUl3UghkxblCFJMNlR\/p0hDRR9Pb+\/9fWL1HVD56jvI0XnUiPnBpG6MveMZCH0jTFsfJiLdRHsZlgZ+EWGzegV5vNNtFUiDSlLAdaJYIEp\/Pjov92TPYcImkM1r\/uFG8Fdj6h1WGhp4a5RgFanBZcbcpBkNmeOwifhDGws8tFNJ1Zu5ajs5tcfNrgepF0lLR6MQBKRBbcOcDRjiwu8lOZP+6BPMsVQWpuDpuk6zgx9btXqnampoTiZMEVmjq4D8DhHgslHNCLbixDlmntow632SiikHhi34qlfbjByLDvOnn9tbDvX7TL7wlZC5ELaBsKpWEchoh3AJmvT6DGnEA2nS7ESsEpe5qp+rBuqmpzESNM1CiLX2pdDtmOUsoDtKKy\/7WqAnTWFjKpu\/KF1hwsbzYVUcA+R+uUuvwUfHGNaBRnEJnb+OodDDiDWTMDv7Mz0JB4mtw+FeYQbpr117y5PiPTUinQ241y18RxtIIBOR36R9CifICZ+dDuXepNJJ48yTwWn9C3fyqmL9PMYSU4kLns\/EeaJRQ8j9zzB3dhZGBkBqzGgrIcaZVHr7Wr1fQbd3OJyVF+KPnWcajo4QBk9jfGOao2lUJHd4CtjSC9WtsS4EXc84o57N7GAKc4T0AZX3KmdHuFBAO6tzbYXJ+1\/J5ggcz1xnFREpjzd9yALAJyq3JOIjs1tuyWDJtK9gCxMCOxNHIWGsAHZ9YI1Emoo1JKL\/yXGFAPVPhx3Rf61bTa6HoHATpMYE+32E3ixOVnwPWcgDjsLK5VTqhFl6Q7iw9grd2FNkAn3r8tQnumIcrqsEpVwjDXwhoycKIMoc6oULJz6B26\/S9l1Ij+tDw0BMcHZmepLy68u0Gub4OPkGtg9Iv7xd2faW93H7AJcEkNnjVv6akilu+qwHr9zZUcaSL8CGIdHkqDLtXr4PGRycZI+ofZTxfuEzI4qGW7V0pt7eHH3NguzUMtGM4U\/Ny1Li22exXs843QC6NetR7fs4N5L\/CAlXf7uGFJcBhpXGm8extnTEVosD2WslrldCRvuC+HzgUlt3DG6N+\/+bfSh4UAXurS9Lp5F3Pvr9hESU4b9SGLIM5ebCx3RpAYOAGazQSla0cGBwVMpxavAkm2qaHuRbCfzKPH6ObpC4RhaIiV2yLQd2gKrFgWC+hY04oD7OVEv+BmY11H9PxfpX4J5Ybffatg68nr\/\/nGhgX0LAcHpt\/wBYXVOKbgTWhoH3T4RD30qZH0jXUDAJ0HAT8uLtCxo8lWiePuVijl22HkWaW17H29T\/It\/ocnTStIeoWnw4y5qD7SeJGztYId9gOSczD+xW6276dY1bi0K2RXNIt026XruQN8uSB+8Mmli++cw2SsmpfUoyp4wwOVoLcORrVuUpjBTIm33cKvvA+wjwMzcy\/ePna7iLKeB6H\/hqOzYFTLIJnZNiSK5znpV\/TszagzVxtsrdsVmntHbb59Be1SjDBzLHFZuQzHK0YoeFCSn563EKEng\/pHo4b6AtQ2aor2rIiJZtbr+42lS5MF0qofmEf1NNc9farPhxuEwU8VPk2Cn4Vgt9poLcvhZ0uMOQKrhYhC2LEBy8wcQwkpW1WQmz0l26\/5Rv3+rs3\/cSIl\/U8YbC8rnLmKLxBnLb6ZTMiKd4WjUq6cRVHHwl9qOAIGRGNZyQPWO9sg5DTfaM+ye4SSvvsefOHKA852UPcChGq7pkIOtb6dRlUzbuOaG2GMwogikh+EyV1mceqZhxuesCURSnCNRDrMwRxIw47qlX8ySo05GsNlKOPicVfYKaKVRCRA5EbDj1DLlkJtAE4XmXMpyhaENo5ODTDBb\/MBIlAhh29w+NAFPVMSBinF1h2d822HssUfJn2gNM73NNJHwvdyDMJKRCKtlOwQRvTCuWVMY5uxDUTaZX2DRoKyAPWvV+7l2aAT9CjlGTwl9R2VUCiyNIb9aC4THb86NZf4ycT4OLHdIXuMAGzIu1m6dDElJhG0riY7M9oVpbsYdvmmHV+GEQGPAKIVQBOO8t7BQaU8FDJySjPv2rlyxsK0kCLlSPTXuj9ZnDiz6Xf+FuKFIrVKqmaF1B\/nnOP9llTj9LQYTw59JGM2ftsMtEyB8HADxCwfqMTKA9VtTHO0L\/ZZbL+Km13TRcc0XViat88FQP6L9+J8wY+eAeNJz63oLdVvLYmtrD21v8PiUchlDTWzkC653Oqs+fKchhMjl96GBw3RDG46L9nUoLbO27yhksgolJ56FX89NTKS7L3alTOljYigXsM21bvuvHMnCgyhW9oTII5HzODI2Ptvl5JFTKnhlCyWaqxNmkuHvs6u2LGaS\/KFPKuvtjSh+Fl\/16eDTTAz5EmtGYBF4tV8QwL7o2kitU3D8nQFgWM2VEyqlwmyxRldBzfGHCWurdCa07zjF205m+IhAb0pIwWJW96FdWrMXDd17pcOCSMcbPWFWqKrR4bSOv8JEcdplL1e4eCTQeFcQovDJ7vgg97IO2aVyIu915b1oKUBEohh67s13ZEA4+Fk2urI+fgPZ8goS6kKFAIJFYOcT4\/2G3zEwgqUuyiGTL58o04ZXwOp6kVhvgwIx\/fjV2d2AIrNElHp6pTeJLQ8X2agpOkxRxbjgldwJTqbWkFQ9Yhs9hbY5sqV3Jyd9xK3tTj1W17JLjRcX9Z7Gf5+vLYxrGXyaLyDb6YZG\/T+RCUyFSq2OY581l1OK\/gqtg441T4BG+TzpPJdLexFD34zyg5QGw4qL0Gn8Hs3gsm8gSgUj8C\/SEp+MHU7Nmyb\/sJ2fGm7zG8T7jrWjhtTRyIFW8J+kKh67jiU9Os\/p3ro\/6aMO4+ZXORKNl\/h7PkortvlTZ8no1AAy0ng6G2OtCpNtFhGBO2bMNUeuahBTWUUnfQNYmWoRh1mN6ix4HAP4Y0Do\/qpIZhli0Y9Yq6vJqEnUh3w7DmgqcNqJ\/sIvRx3hLTl83D5HAIkg1QG+HLt0HydUfslRNRb3hfg58AX\/3rFRLTqp9rCuE7wb8HEy+INjDDS+Y6IUmzZ3bJgT1tEmsJZGfY9bRTzSp3kayHN7ct2\/m+2aMLYrXicl41Slw2sqrR+UrYAb8ekQh4rVX3PVJMegk03ItGDuilBLxglTz\/peABW7mRkSGRvaRyCG7UYIyuUPHxyzZlos4\/0vqH7MkA5w2CYbhJAUk7S9Yc\/vp6fCzfMk8rvY4du8ZrQ2nYz9lflzdJpjxlPFtVx0A4mtG\/oVRnekHyzSLOV2RC9roTIrGym8V\/aHPvFwi7waEA7ulc5IdEQ3msybnxLJsV6VN10+m8yOLmFT39Qtd8kU\/xkw8hZ0cU7hHD4e\/gn4OaTEKoS8Bq8zoQ+dcaz2YO\/pjP2ZLeA8bebt\/lgvXA5aTuU2GYI\/yeYRsxzoa69cfk9hNu2fGrG14nKwZrvGVxwlz3Ynfc5sJiY86kgjaRWNz0Rsbd\/HJwbXTMns4uBJGgUFpmn0wouS3x4XihEej5h+lJG7kmUE8PoLcD5cIhHiKXB+wL0ltHzHQtadXGOLjqeczRTMpBI37d5Il01RT49Paab05KivRIni9bDZm\/TwZeha\/PS8RVFQ0bNlQwP564YzD9QL64j0avoVthYaMsmEsVHHwWq6f9e0ooL8i+gmcHEyb5EzkJpjZI+FdE8JvvyRS4cjQg0AzNNAwnTB2wNiZKI59vdsgrib6u9FQo8Ncg+TwnUfNbzZb1Rmj6BWFYIDgAMyUvkwFakWh\/Fz30X24HBfi3IBUr7piNU2dxb6iZqZUnKyr8wxfqKbdSzts1slB+XkVz\/uZ015V1peSW7zCtqU+1tBpOg5tgoN+UR332FZjdC+prZz8ZTfSNmnOtmSOWYMtfZBn6CIWMAKSudumgk1T7T3NS2Pa+SNKK3WR\/B+iwx8WW8igxgMHpv5opTlwCBbmBf4q3yV06w6N9\/KAORZl80qveljS4L18+kWJKmxQAvPIRRz3AfQ9kBamwbcK0JiZPgELaodEsDES8+ubYc9ZvmWoPXvTRjTPLV61yupbegjv\/BAQKHWrawW4RjYfdIVdyfhJwJkWqCXZ8LuXLe57yBJ1ut3KSx029Q8+gYvhyazY8XYjE7exNSfdC1yKebW7U4mvcSr14eo\/x4E\/eqrPtCxDvA4jaWw0TQRoMwhGAtfAvqH24WMU68vahGot\/vSZ0pluuRRSiFtg\/0wynIYQ9vaALcZM7KQgwMp8oydblQP586lpOgMxXNEF1R3EnHO2s4nuEqG2AI+trFOYea8pJ2dw\/Po6ufHPAyDAXj8rfRaLyXRyCcjalKP8fh4HpAFQnKGvueZb4YwZ9pFvOoS8+7q\/dFJQkMkprwAifGtbJcPFWzcLZXElmuLu5vnSaRpe9OME\/7fHLGSRbVm2kzV9IJiBNZJ\/rToF1J4XIrQ9WsHL95XbGFnLUSJEwWspZWOVg8onqwHjCGkWTepWQBRLM0qGaQMnLM4vfZByFtaAG2Sgcv+z6UaIlQEwHrDukIpJ36FxDT8se0wG7qGQ4DjloJa3tahmTuxR\/oTqCUhD1oC8wGrhE0TRVaY1jCmvc\/bzzJ5I6EgWZs7zJqotJA4rD4Fdx8bXuDQ\/9rRbkAUrV9B1WhqMw\/+DMDYWujd3VoD\/HbKs1QP0TnTBMiFwmf9oneVh44ZBbMwuNaYiN51a9w9MXrH\/wpTOJMqoh7pk4EyQjsvNHnlvKdHfb572jl+Lcro1l4um5zvL2m2aKFffXeJ41Qvqx0PnqsXBoCPY1itHg81AMdCeppA5Wp66F\/bYTTywQIi65Mgc61v54MA7QMNgD6CAHmVsugHI7bwhBqXJqTErGoKec4fqkYSO+w0pdos9pcBPH1hIxNAycuEekjx1abFcxwBKKIo2+0ZAA+IAdy+BNl\/I4Pa29DE7JXyVrZS+sfqVk1hxJQ5SSGLG\/\/AAkhZyE\/JXHB64JRRvKa2ak3QkBVaRtuAqYd1MiaR+1tu7CCV3jfuw+r7tsUsSVbHE2iRfC569489pmchtoj8D17H4xUCCfuIvQcqX3fDGYKeDsdHAjuDre1DirHkDj2gMOHoWX2qwgeS01d2EmAZzMH8gxt3qDvGLu0jLK48ou1cioiK8uDBEDbMw9tXqvJNoaHY\/yN+32qKHBKoAxwS8xK0t4JmfZKW2zxgww8ITjAk+6tqhKNE5vUVWLZ5wGVt1MuOPCmiG2NT2cCFNJ9cMRjdiHaVXIUqvyi5WgI1yPg3CRw8u97d77lhUcOxrAdqPB3kxr3lX+cq7vJynAw17RfETTuNH95kxM6EuDEf6hy8eXDJV4cWN\/\/UizKk50+waywaNpJaAo4HH1UTsuvSQA9CaQZ1lk65laagNI0J0K0nUy8zKARwHEkDnI8OlmqEs891T4XRLnrszevF1c96AoY0uF\/eyfYl76hbaRP\/gG3YHYJPRUC21\/Tlpc\/tY0pd1cSzdYSyNzAPCHE4fip4vicmk4GjlpUbCzE3SF5GImTrrm18atDiCioydvwaz+J6ON8JdVNJRjMwnL4N95sAJftLApUYEaStuEXBkxZfzhICKj9ANkO3Dbi0lRB1ZDOi28RkO5cs3ZNeAXBcEk+CT0bkBQpltIHmSTwoebsy1EcrmXl2xORQQKwNllouZKgIhlinN1TiCTzVOybf24UGg683teWmkNJRzqT++K06opSW5Dwxj0BZLKKAY2b9PwP9UdfytwHRocdEYul8y3oOsBN4n4xfbOpJ6uf7qr0sDRQqjJ0WMxRALQgRi6EfScQs3aVtcOJOHAYUqU5Iz56AFZG+QbFjue4r4o9Ixkjd7aeGFYr+pOAnA0CIi8HhILxswc3LcDzNEkChpvEFVNyBROfD9BJN0SzfzL3EK91USsMT9SW429qdGS0nxsXkVrQeYeqpYH1F\/scjW2I4DLaN1DIcNVnKJcj\/Ifk1BDUkog6g5zaQwroHRIfPBcVEJzSEbKniFUJFVhInOX9pdL6nT1wDE\/sA+0rzDeqRD+itN\/AwDbIDN86DUelkb9ca0dq\/PmsHV8Wb9nO66suszpqsJWLKr7q6RR4SBwfWe31MHxP8ykizu9+x4QQ4k\/YveQfLLZ4GXBEXdJ8UkFVjPtIylmhDGxT1Xwu7oTgQ9cIoaYZORRJe7fBt\/EajiYyK7+fGgc09JMaUgQDNPdikMsU+t2vj9wFrGV4f9qTlH\/v6x9oY22L2+o9tKV1zMIfidvk\/FOsCJf09k0F9VzieTW2Cwu9Mwlezf+U2EU2\/q+xCu1e8SaSLEZFWV4gf3RxW74FkodBHzDgDK1bI4VmqTZ9oxN2X2mMgsJD1uC0GP2cryTNuvRny+jK24+SVaWQWMgwhOO59b198l2eszqkE36HYQ5DM5lIa3IX5wsJMt7VshIT3KwcbVeS+g5Ibu2Q59zpVGbuhCRXCc8UBO9v3y+4vdqCf1nWpwASAf2gnlXuFzxaOD\/7MDSEtfV2b\/UEfGA4xLTqndpWOZJ9bSqm4hQlxWB04w6FiIf++eyFxySYnxyd\/nRyAUweGsrhDGxmitNjV88v\/3ZYeaAbJBdljYlhuaGPzBap6YTQ7DaS5EzYmKib0p6Cs\/cFcg6BxgPcE\/VIEPzB9VktIEyUvCbOegg+t4vM2xiNg3uqfwulxDuEKA76YenJaG5lsV8IZ9DY8H1I+vfDqKJ\/sRUoVfmKBb5zA1mX4LSOZdCUZirxPStf7wHWshxk3WCvJiiu1CFc5nYq9N0pzT4zYg63Wm++CuW7iaSLhRp54Pnb7tfGzzApJrc\/MwER923lXudqCJT73e8Qy2g6BXVZdZ7UV67F22hW\/zOkrXJJdJTIH74MuquHH\/t8hY3mv8mnykXo0lI1U+smmyef2wU3nQoze4YwZZvP6UW4AKyBeJt90oaOePMLp8Lb\/xFYKpsyPgSeOdrvOoVB2UBQMRpNqvEd42bhtco0+Lyxy0\/lHNP3CtL0v7XI4sOJh4c96\/G\/wj8gWxk90v7mPU7iMLAmiu5G6rU9ic67WU5D6oIv6A8H1Hlyl9dpR7ROhpf7hQv1yOD2D0HbyIaF\/oPuxYylxhA0+ey+BM6yDxZlDTh9wvq26NngPN13FrRNJ95nBjjIS8NHtidad8XKWHldbKTkiiu4fi4zVtiASJuD7J97+H0P5cGi55QlyyCh5dTiBdLrZoI7wbB1Zaeb4VbUnZHp9Cnsi5YdRYdhhBy49zghpTP0y2XoXbNCTeic2D\/idACW8pAqLfX9sxHnRR7IkH7LTL42qCirDHkI81gvWPceDwGFEKlFz6gCp3uVfIzRoSWqO8BMo8ZMr41Gc9VZBmahSPyH\/wxx4W9Wz3QUYS2lMWyPzdN1Z8MZVjus8kAvcWbsrXkwrrfpMtTRhvZRsFFHBj1O0W8454650sRlzFZnvcSHKkOnbE6iMGAn65NvlPWA95vvOT2LkhJnOmQIFEEwMo3eoQXQimIcYyEuh0FNlo3MK9dNHYr4b8j0uvn2fRKsTb\/avhdsx4We4gk1OOF7rNW5++kBj1Bey\/IWP86cULG4H1rFIfCvYEuAACFB1T8yjdxP97NLEhkTzbpmRa8rnxlwLSq0DVjrw1F9se0e0Rr86Sij4+n3a5PNZ4X2bhsSD\/fAPYT\/5uH8uhGK30ZaGJ+ZBBCHLcTbey41urCu\/hYM7pMLmPzeDytwnapCEJp4ybINVGiPDcFsw2Fl9ik0bg78Jmk+Mme9\/ZivMTAPYvPq8f9dED9w0IOn3HbeTJHu6IQnQf2XxfC1drvaKJzVRljVwNLqJx7hrouu7iERHAURlm29jSoCxBrwBd1+HSL9g5IxJjSTZTkuDwqvSrH4IEDeP4fQRMsxkl1\/TWru7i3dTYTKjXexWH\/vYvOXQJBA3IfgpxTYaYd7MiQUDlPe72Uwgw33rdn0GBLeba9AMTYjR8Dgc8LRYkTx+nN3oQmBYYhbEQ5RdT9DwepirzY36kIQnT7ZYT1pAb3IY1fhjCAlSpD+qMCdXi3IXHQA7MVSpUkM5G0WXrSBSk\/ORdha+z9HBy7Cba+tyaBAZRGz6hSNgRgb4rL\/nZuc\/ffxCpegE9Kx3tWhzJ2152D7usKTjaKCWTNheFTDiZueEJVzJfJJsX3m3PZsSi7Za6+NdyLJ5E5ZVjJacavYHrRxf1LOICrTghlJzsDpFuEfZ30C341XO9CalNZDWqiKvnTVgvLEDYrAicqjYXmdlZ+3ocbPJEBNmWARfOrweuUdI0cbzTZqg25+o5NKhvDgqTTrQOEUnANv\/R2yQCKRP+iS7NHQfFl7JWDs8cmMJB8KjmX\/22YSiDPDC975UBD1fdm+i5kpL\/DgoRmub1OWcChb+puIghTX9Y0iovYZv0JX95L18Q9Tgza2NtSMO3V77eoPa2Pd6wIoxSz2FJlFWsmlg3YiV7InET+hwiaWGwv5m5xhk2TrUClQjYwM8cuWBoDBUZeSon\/Jvm7S0f4AyRPU6AWfBk5b1dt32\/KHNRC98Nonj6tssETHDaXaMN2oORWxTbIMowKE0pS1ioVkAbmdEKGlmsSNqO+\/tgqiXBYmZAFFUD7He4DGJ99m7wAyv\/8Tl4nZ0cp8GLe28ya6oK5SDbY02nwDM\/VP9H38oi41MR7H4lGa7Osi+RZU9n5DKDvLgO0dJzC\/MIM3OJElVMtytv2SJFrQC+rjTiBHK4KTaf\/hKPsXnYgD5Jbt06xDbu+\/+7YNw96aZ5ovY1WHNGaj+EzS2KbAFemLjI9taz2Ln70a0sdo2sp5HAfPm9ATJN3vA4ZT3+96CfwVYG4XWCse2EDH4YX9bZBQd6TpPFRg5Kx5J54ZnLT9F453tBgu9ohWjX2LUMdLxWP1YpM2ogGsv2mDzv84xh7Uzsm9Pb4QL\/D6qccGOc5di6CsQti24hmt6t92GsrbmfXcUmWT7A\/1E9WCnD9EyAlQVmvhGtZwzKxYEnuImHtFT0zp4npfQzX0AX1jUIgms\/eSTp7M3C4g8mwhMxwZhhjzyE12k9izytwpn2omunYhoM73zxB9THxl0DcNMIf5+aKpuz0nK6fK5QzUHKyJ2cSzscspsjna5aCaxeDjdO1comR3sm\/M6T10erwdeWHDuwqhxGAGhE4SfkBdrkpfz7FBqYCpwbbCDJL2AK765YlWlSXbWjqKPHWpN5ua15P5z3gOBDx40Mrt9G7oZpco5AzdPHj+Lye0QOEca2St2LPPLGiLa1w\/wqzXWQfv+KOLA1gaEGuc0\/PacgfaDKjz3l\/TZu8LkpYCLoYFdJNsKzjzdWl\/JE6NEbGfyaIOFxgiI7UfRUeS36wxHKxzhH0sqPMjcEx3EhVJyF8vsa+tsceSpth3rHZWctSEmmr0CtsFEBD6AzGT+daKTlsIiYx0blo38tKf\/Spu7r1knpeGMJqhmGyVVeDxX1V8zwykrAt6QvuNb2PBadmqnKZX1G49\/3LvnTRgmqSKKKNQa0uEjMmZBpdkJHfDNhBqsLU1AB+6G1YGnxd9xbNdayrMPrGdOzPLBvDnaA5V8HoBz6EEYSJZ8bLzwkthgtzD9CsziMEwL5ofAb3PUFJnQeR+IRnUPoNR7Mudod1wBrX9uwnzKeYxU168MXNaFj\/BdHBSmBnDpJqnbChmZoOvoee1Ai1hYeKodpkHA0gcpqOn1wvkfSrRsiSWPbWO77e13TouCnF5vIkiXRGnFYujw6QaVomNMCgZhMfiuoxCpSD0\/SPrJIiHRqpCFmHGxn63aP94ogPBo4y7fQPRzFJjmqv1Lg\/\/mi6ll1qudi7mWdVF9NsTb1nkhY9b\/OCUuhbA1EeZZFjb\/4OUsVOdlppCWtFQWRDjCqGrRhlce7uZ0G933NYOijVvQhna6HUW\/H8BKqvyTkSwCz21ngoyytEUG0NSW2LwB1nQS85fvjbu62KKKgE+goHLP7IZxEllRz2eHsxoqP4HEDN0vQ36SwXcsr0rxHTXrDYe6ZIFMFktL4i2G5ezekTvdi8jUctUcivhyodMasDwlQfjKF\/sq4jR9Qtrw6wwFmvnQ8Nz1kF1MWKosen9Mdq1ltjWFkACVtrCLOPP05m95BInmwuE3g9zrhbkTejQgaBMEWEYP65b+GOanhIk5NzDTOEdXeS285XUneN6t0L92fjSgJKy8SuKmXJh\/iK2N+Ty8m\/NeQT9Gw5SU7UWu4DzOccp5UPHpzjixes0F7i0esbTq3lengewaQ2LO1+W1WF+79Qi5+\/c2lnIAc4qL6Zn5b5ziRw+UJ98cDPctBRz+W3m+j8f7OL\/5pQtMudYwKlBjsCEMb+OEY6sv12HCTxo8\/loNYmeSh0+bCAC0CWCkgTTZI8WxO6p3RfEMU6uM34RTqzM8wPKVudzoI7i5uqjX\/ppQIDKKI2ssUpt7m3ZScMFR2Ku2YCReZEEmqLMC9pBshpFX1Ru1l95V3NyKAkzJcMOun1Tt5sOXgCSc8OEstOu8qLAsjyu2g2mlLBUaR8eme57+0oOhoO9AgTHHW7wG8x6oCfERj2bm+bQsPK0q3BJ1xdPGA3+yNcL9fFyzsaFLuB01EjvPrI7gu97brT+rIlc9VM53YViuYffQYaI0OQjYE\/+FXC+rKYulgS6EVWSy44xD1zuYjNDAQPL5H8Zu6Rg8tFsV5O8Gebu5oYja60LrccHCMYnLwUWmcPNhtEVvbAGy2Uzh+dUUpCuhPp3w8nH\/RoB2XY2ohoY6SjdoatSJBzT\/PIjhBGpsP8wTryZN7u08l+1cKiz\/auYuCPpIB145vAmLBoK4SufjV1u9GPAZ1x9XD0Y8bJwS0H1wnyg0J0BJ82t1Zv+7dzYgGyWP6lALfDCQvBCSFio6JUZtoX5tBBvL7HE4UYvaqhmPZ0x5LRUmA9KbHpXleqFvjph4vqwWFZk8nZ0nhSPXd6ycbVnXiwfldT4LgsFhKg\/tjsNabXFW5EQveDdpPiGBs+USljhGXjIqLGKDkEEE2Bbh2M+7rtoryjmdxhmLLuXyzZCnHnjVIN8JZD7oD2ud7YVbLN\/q81TTwyBPnfdHwATHb5jzVa6WrY\/AcBl747qQ93KyOB2F2J+S1OKZ7fFsIu06Saw3xN5VZYn735DbKAJmRSf3lcW22+ICsAsPQkgh3\/+IrEAzAGAcrXrqHdf7zorl\/9LsOIroBgx8UevvhHVsn\/HcaLUZQaeoGQtAy3P8jfliByeif6dU5RdtL4IjIAtOyAH3iKOCDWB4Ka7e+MoxfIq0ywS3+XZNqqxWNauFiDk+f\/TO9AdVjL8o6OtMa0j1LzQDirbgE58ZGSBLDDTlw87\/BPgCqQQk8Onqawqgzazwq+XRIBMJvZHTRk67LtMFqXHuYK3MrlJl\/azNkTUbSuVBwxgONZfuRzzNgSEI9jE0twys+c4s3jyhsFx4NqTY\/HWD6ut6hHgZuOI2DNDBPqjls8gfwhvKHWY099lhLhfr844qwImVurbV83QYdO\/ChocyzcY4DLa6Va5CHgnlhistWM0\/ePCA6v7kh\/U2N\/makhrRaqhHAhA8wtHQJ3W0FlLhL3JJ3VBNYbWZc8GE2+7uYpHrGIYNBmaI10AB0vgAjw\/TM6bJLlXUCmKbW3rVdl4woQSsuX5\/bbv3ZkEIaT2LCwsmkHSRho4EgGwVb7JJW3zDJAnbo8DlxJOG93zOE41rqWxBSIwSYshhtrxys63EE8dHy5WQLWOK+DHLrMa\/fzGVayM7EQhAEc+eMvfRP3N\/CrqJwddR0EJuJT4SowO27xClB9kQ\/9bU1ySNWba\/EtW5Y7lKVyUc2SVMl\/GRy0yC9EqxiZlSi4HbCv\/g4K1TFUMSbENk9wej\/hJkzi+vjFbDouZVZGqqcLvx4YAarDBJMAIyzOd\/+MtbOxkG1zLZuizqqaY0rCukKNHdfiT2FKP4ZyV15XuR+IcjaIuBY7lER1qVVeZjDJwrmS+MJZAovp\/Nkbv\/L3LectDRMFZ+A29DsgLey6vw6+kiNzuEhw+0e5gWlYbg+Cx64zyQ0yDJBiIa6cXcj9z5yFgHz0CWUf5T6n0jiCOMQeMNIZC24+aPB4MA7H62pjI6fIpyVOfUIR1F0lCVahnzHiELkT1obujAthgANGibeS9jAo9Wq+ye8Fhv8a610betp30ADcU9Jhomk8hl4ZCA+vD1n\/rCBBNaKgNhW09YyeP2heR6xbahPF7Cvs9VDbd5Kjni+V\/WNv1VONV8ZrFIAvCGMDGOL8qSN2W1\/pe89\/0mxu0A7+igE2xK4vUWId\/kXfnpIj4KHwyw7mr8meIZZDCYKZ3znOT+qcNwzMX25gVeW9hj5GWg0n6eJY+sk2Ud07uksqnFSUuVzZDDAttoGy52CldFcG8WugBX8nDhwiikjHYe1b2WklMquPlw7nH8b0Z37vdj4QGLJLAEPKS\/daKC3lsvRJhi48Sb5lpDz7lifl3+uw\/orPzoyPK4OPXkOCWko4JvP0SZ21MD32oyrBY7H9enrq+jOkO5091xwkVqmVtI1d1qw96tLDjzIeqV9s9+M1WWGD0mcgwYJyQscOW753AFj49NZI9vvl5taFzNcLXstp66iDaTCGivM5la76MC\/6utEkgd+2VwG3xdH7Itb1B0Fhj8sgFKMiuPWcUmFAXiBYOTQLf4CBNoUGnasKPbDavR9MswkP6\/SRoXoTubRx7KaMDZy7EUccOkuXpv8mcbLGf8HwJdoB2fZVQ9k2oj16+AV0PgngR09yCiQoalvlAwhUovajM\/pq8q05B1zHx\/62hwZOPHZHeqlEw4HWzqkDH4Qvh6ZdVBo4JyVWl6wNIMQxRRY0S3EUIw58lm1s05H3wlOa7w8Ir64K5zTomQYjQ3yh\/Kt6HUnxUI5VCtsEbz7UKIbMJojrDJLvPnr+IEk0iEgLG0VnoF4QiWFwTcPg+vcYNnOxtr+TqETw9MMsjTBxt+lk2LtUW7IKQFRw0Act4vDSgwRebojNx9lDRoQzZTz4uOr2HvnKHWSRTTcD9fHNQvt\/Z4yGEXxkesjF1L7lw6y+sENeni+pCV22dXDfcsNmL9o5TqA3wU40PUrGPg7Mw0hqygm6jN2jVec9e+4AmhUxjcZ+b1ukqy8ZpRWXirE4l0lNh0BE7rROMply\/Z0oL8Wa5\/TUX\/ZeAmRVIPGS1sR+fCl9DYtv4b9wb\/U\/TZrlGyY4xnGMkjSUPNEVuQXvpUi+Q7FUTl4Uncs0MqBj8WTzCrNCD50Fajw7CwwtlLWTT7PgvzoSRQgEagNe9uAU8pbNEIEEH6peNt\/wvDfneS9xigkdAhpSp5K6pKBXudt8XcVKGwnvZ2tpgSVAOT352pClRMqZgT9FKYKfI8p1TJgcYcy1d1FT9m+NXzMAT\/sbQeYAqenZvfTJ43pXDw7cADAC3bUuUi3ZXAXZvB9FCgv6AumO4BKW8VI3eJ472t2ZBcsl8J5PMf3J2+pOvFfahyqXf3ZCNJwA71+Dq1gLeUpZqjPQH\/HQGBUU8Li7DryJCeTpt+lTARhaFtBmtIV2VttRneohDzhithDZiULSPiY1nOfLDAE3WGr0u3or6kgWhWAt2N05AjP+oj7TMk2Ki3pOpP3Altw0Jvnnx8F4dx\/igpBOzdebUc\/tumPWQQBfEcsDQc3sX3B02peUpY6Qm2VCBYpez0FH4cKsKvZwQDepGEZBcxcaRTGkCjff\/Yq5O277dZf6meuVLCa8Tu5auafDe0XaKurQ\/S7bpE90XI+QbXgubDp5O8PSb8ZmbdLxmJDD\/9v6tSFFcyhJl3zoYIYatTwSvsJr\/lj\/mu1VmQfOK2fq49MFkoJb5+drP\/VMjWt0UiUFarwXgRVIAKZHuj9HSSAc8ClbAb+d0GKzJ0d9EiteXTcqut7790wIjvzupWaR+wz03nM70lzsGEm\/zut00dq9JXDAhlGDIUR52O8\/JhHrPMuatrYzsyhJRrYvpKRkByatzQfaNtjRR0kgivlCqPI1HmixYi\/puzkylR1flrEkzJ7FAGeGUMLRwvKQJzGC6rFassNuH2ekpg\/knQchRoDoR\/BwuCvwMrgxfomowc\/lrxX1rraZKfi10aM3s8Yumsj2YdyJErA1LT+aTAcHqOVihCZnIG6cuWHZi7JfQD6Cy4jY3jlXBPtFyhVmuJze+1nLDyDZ7kD8S\/Q+OST3Lj871eZXqe2lIPYSL7FV5gyznSVs4EritBeBF7+6Hqihjp8WlJ2TvkCXyTaBKxvoe4uMe6fVVfCHBZzA5u61Z7M9ad+4vLAzgFdxALOi9sVZxTMnPj8Nt+4u\/Kr7sd23P77KC29rHh5A+4Izh8xNLcusC\/UJbr06DxOZyKyUPoU\/yvPnNnaDfLrYA8tsPpmdj3IQTkfUKTLP6ucOKXBipjhGFXFaTN1pGUV6IznTLh\/3VThlgT4zoPb2Ab+4qNZeOjspspd3oNTal5GEJQOTMIQTlh5\/gfLFOpvPz2Xc+Yvc5+\/ZuVupYmkdQr1+mwCAEYHmqkqk\/5eOfzfAIkpq2mXvt3Co8HBi8DXDJrkARJVgd7BED5v+qKsVZrqQ32azQWu6DrB+YqUOn0Q9+gzKLcHe3Dqg\/2B2sWiNwBuj3J1m2t97mm8agXiPJi9IfAkzWBYLc+3WuTN5u43mg0az\/6tG32hnGIlFcJqAzDwlse1mz65aKyXQEmwj7UD0rvtTbLeVT+WPKXC9YqC8fDvEkENNGYxBl6mUlwYeUkG6IrESY7BrxkZzwGSvGSjU0xpGETuiFhRiv419trquewRV43dOuxXCGXmYsgsNnuDryXWdkgPiY7kR8ydIHz\/Cu1WSl1t7uFRF5Y0nkQyDgGK56TZ9arqP87nsa3ZW0RAvCSLiPv+C4o\/10u5cR448FlU9V5QkhSMHNZz1tyrWaUNeUA1USWoJDaXbQwCBHoym4+a8dksMfnqceGpB5MsxrGEtYcnbKyLtzZ8JFxUEhWGYjET7sStRx\/UUAja4vUvm5CYThVu\/N8yqHwTeZRUAL5Rui\/LOBxv5+4yJYJ8BsXq+22lRQWe4T3JCCBRDwv65P4p0EPU4Xi911ULYYxsXFSNKppNpaH71fNTtxs+ZSvio8ros2oEMxYSuv+C2Bp7ErwemFmaEM9a1Yt7K9CWIswGQQbnc3BoZXUpdCWa82OmnfBm8kG\/4siC0OaClVOyUd\/V78NLKQgM7Zurgobd\/eyPvcb89XVHXNN+6JcaMZg\/nMQwUuhMxKZlE1X12itkT13mlQlLslmGyEqF\/cos9xt6BsE+0FRnjoLG2n9qQCRQjXrZKvYniQp2esnBAEC1Xgm3pkCcAI4bfgSaYPQQNnMFYZl47Usm\/VrBUoR0Ejnr4L2q3bni5CY8zKVoKeQsv8L6bNZX7o51WRmq5946LyHFkmuz6dxhjbxJUTSCBP2lts+vK3HKy5Imcpon\/UzvLSoEOMRDA7loMDogbQvuZIIscTnSl+hjJAiqGRM9aBSLF+Wvu\/AFRLDJvRItOWuZvsNGYMx2bsNQa4jRWa3RGuGD+ozyOQbUpyT7K0yInrxENaBWoyaKQoMHigNGNcty+IOpBtD9t3o7iqM9UlosUKyVIGwhPudR+TGMjSGaYslU+rUartfjP\/lEY5NC4RKO4dvoTwkDe\/zbmADYIa\/PlfRlKmb+MbFSfzb1TAniAgnNRK7LRM8Cmk5BBSS3tWDuCNdm7893okmjLwLMyK9WPqhZUXC1EaqayMGwFKWV\/doTwGEyUB1GSM7wYTOWtvebG+q1LWzeO4ckVfZiKnJfA7rKUjeGYCFQDOMBWJamc\/FcbqAfp8yF5\/Eur7QerQOR5Fz1N2kDUARq48vK8qj3WQrcE15lDU5T\/IgXW71CoSs68qUkpvtrIyRfpTJOcMUO2\/8q8TCKBa8t3OamzGT8IrW3V4nvL9HQwa0iij86sRUJN3+pl7NBDwTZytTk67KlTB6L9eI4fn8iw4kbi3MwqvbzpY+uUPjSZ\/qp1FWh5E4Nj3r6gPn8KOWgWIDUqNCTDL4GFr9sZn3DeEn17OLrNVcPG6aUe9vxEDOXyiYJEFbrj2\/4SQG4aeONRuA8BaLxI5\/+YKLM1xJSqZX\/8X++3NKkgm9CXr+lSjjPrSQ1rK4lzA\/cTyzfzbgtdMZd75HqUO4qMfIwhwI2zEyG68cXsFAKw3dLg+SQSP7Xs9BBpD6Hy6nYAmeS1RgPFHLcPaWxogS+uKA1HHZ5IksR1rPDGyrdcIT2nD9oDob0OOhUj57ZO5ACTu5CS7kRAFL9LL4OtUkW27mrn7JzSohbfAsD9Z6es0ermWrNQoDBjwTDHZoW5Ei+2o0h5Tns99c76w6riQE3Pd0qp9y1SWZHdVb9TZMxTiBiIxK9HK0ssay6hNXh5tgpC0TCEdeNobZzvlHN+RG2rcglmlh4zJBm0MkB82R9tA84uHWflyX6sg0r2SUqV66QRUHk2paXmBeGGnFlvAWsmEZRENEHRGoiI3\/1ob6OAfVTMp6zL7ufUf\/NnEAC1S1bO+tXQ4vFmD1etnDVTnt87zGhmIRKWy5licVCv0oG0sUhkymbUIF2a0WKsJzbYKgcj1cD3ZAQuXmr227aFdx3vFP8DcTCG7GzJ1WHoQNIPJ14RbKmEVitzAQGoBEUcUF1R9zkZIuDxaxJKItok+7JCj8RYXVNW0Iz\/5PVTR\/APa984qD2XFBJZ\/pmgV5gNF05iRyF2Q2ZOTWvSM1KRbziZtNzqOzH+naQ7IfueTD3DcbzgI82beKItjlLpR5DlMTfnILIxXit3X5mO+6oBA9PzPH7wnzWVBnUozh3PijPN8FNifLj4bCdqxTReSfTIIZs2mBKypa+2SMsQhUAgzTXcT7OOdPePQFw3cx4wIXqzIdGJn+EwXk1xHwYQcO4eLGMFyzAwvXMhieTPpIEJw69I1SAeFAcdwahiPyuKM5sT0qB\/y2iRs7Xo8mltUUzJcImNQkDCiphTbR1StlBlQ72wHmUTBqF0DC6DDaT15E4q5\/CramECoU6SedKf7xcj1ip7iXenIFA0oqQ\/jpANLw9kOyfBcu+N6UwtXnZ2sWARvsuS0Jew3eC2DTe9QLzrSYY\/3GHhS6+xcFD9DN4beGkw8SaigWXpRdpGsvGQbS\/bQ2TeA6sCE910TCzp8gzVm2\/TCfaMG7aalD9mFX+QCh4RxmmQW3GON5TtMyyT8PB9ZsNwU59s82IGoZtX34sJXHtIRndG+kOw09qGyPuYimP\/f+TetyWpf61u++rzFCAByg9nF4zwpHo4Tyrj1LKlOLvHUQgyKjLZgLKjZonMB+PpYbm9wj587eNeKdZdBrKxPD\/1BbBSVgl8\/7lkPqMp1oAG8vV121WX2Owev3+INHvfCSWQWzzs+ZFOoiTHwNah\/rDhGNhAVqU8\/WBHIJXgqcwRuOjR\/Y4aJerZERjjiz34AYB2BTJvcAp9Gc8BAUsI+M6x9k2Iu+rNCb5PLjJASMmGwhc109ff41FpvhXMqpeLlwiNHJMhf90fLbJkZJqN5vFMHaaqr4Pr1IiozVrwIhxXFnSklFN9JxhRVl\/C+Zot7ttIqJhOQ4fifEv+4UXqAvqwGFcWMY4aEELOKIL0lZUoZkDO2fzsnPXOZgEM2L+c\/bEDj6tk4Q26jOJybn\/tftYDjkyOw4WhpJJ+2vv51bLynjSjrtjeD4VzBIwWxz4HoRpQOfJiIsiusnIJVmOmxgiNDeGdFWnTK2xZDAUvHd0+xwrkhT1KWkhTIIhF6zww+\/qwxQLtakrDM\/FFyyPhlhRLViByynE75Z8397LOX4T2zITErwSXgwVE0OZrXoBKj2jONGbdIt9CF9iWK+f148YRfiqDe0ti7On7Vpybirlo2yBxLTMh2zReTjh8ITuTs4CZZDqIoHbWF9W4y6RSTbHLB\/aqfeejQzgUA4tuRuJwYlx4KkJvBiLx9v+n5sdxV5bo3S2lqGj8XmEGDyu+rT4LURZAOMmRUOpHPkg1uMY4ooeEq78B+cg\/C8MEsPm5veF9KUlkbXIdUMkYYKY\/VvtlKS6YP0xHUuenCJn3n5MtpLzY53jKiNX\/g7K1Sdqsvd6tas1NC5ocwva7wthqMWy0+SmuHSNn6u8ajXmdTj4FFMARWzsjAE0wqLBB3tSNXrfWJoxz69u0wB3oz5Q2bO4UPgoVg7w+OdmzFCWbkMFnxrcSb1Q8ZLuMrPufUmpJ0xgMZxKHlwZQOtUswzm3lzo4xnmgKjmYqQkJB0eGEYH8r0Dq21Pc4cQDFdc36DwPxdoq\/tDTM7NhJcystsKWuX9UY7Cuf0xgAQkDPrtuwW3VXSo8HxrFCKZrbiXvROr6ZMgfT8RImnBNnFHRaJrdJMycHSpDDruSAxY17CwkDX2wJcFfYxXQz5eUPKqVSj8XfAYVkAL7yPIshHDE+v4sljciqO\/NzbYhNAgqdQ8FM2CxUs3z\/OTySwluHPr9JQvi1DfqPFIIFqmXc5t+lVcUvEGilj614B4WrerQ7XlYm71wmNZ\/a34DLGT2kDc41iaZJ+NRS\/h8DwfxzecCLARYkBjXRVKRCip0\/DzwLfkB9eIf6lTpic39f33W3JC+\/\/o4ykq98ih4TMwX5V1eiGRK6vJLFAsXZmINx+1Lk2LXJyp\/LKSTcY3OnIOypTI\/6c+O9z6\/u5pXIeAoZCtXwQC57ATHiHKnw\/8tiRQWbIS6b6teRpYIFY+wTaezeJp0n075hLlFcia8LtUIjgnOtaH3bNU+3zjMETYZlC7Jo0S8exkIwJ+44t9ZF1XQCwd07LnRt5LtJXnZM+5lFpaeBFRpfe6fGlVSWIrnt+IbFdAZ3\/31ic592yAxm3dEYoPmg39dSTEbg\/WVDBUjMk16Z3Ug52u2Jh2xu+VJP+sBQQ1ThPhUc3tfFz\/nYck9zgAOfbAIe3ygMhoHqTlJbq\/vGBHJDbk4ZgH3QGVwa2RCI3HC6TyUI1SWYvOVZSYhiAD3ULeBXtDde+GjNBUZauv0dTMe14jF72B0Uts4l5iJUs6Olh4r2oLemsqyPlmTMZEXN4oEN+aCqcZceQF\/eRLnjUFxzG9tWKy8R6arWcISWi1U\/gLOQglVSJUMVh4P0VjdlZVMKdHS0WTmu4JEZq1WEmpmoDt9\/CxpPfecTpiujCQcQRSK9f72WT0Q6+Yk\/064trtfVYMuE9rumWrs6yXnxPVdqLMAaS5EfNAgaBzfoXeaoOeCt8\/BjqfsZGfPCveP0oT7kDY+MPwPrg\/JvzJ2hLqW1qvr1P\/pQD9aCKobnO3ugm7sv4lgWgIw2W68RfZ1u36orRcjr3pwjdWprVeiNPzEWPfaufr2PmCjJ5eq73qvP0zDtCAntgLTYmWMSkcx4Gw4eK4swTKknOfO368UDAyp4mDs7mqLr38jV9X+8GHDtX0f17blctr7uXW+uzFX07VmoS9bp\/7mFX5xcW2TgkcEjpqfa